-19.200539193362435 67.20363196382485 -63.152656298469964 62.33781322327791 15.551305464076124 81.0723139652927 -94.95650974035033 -17.69044293174993 -0.4316876756530774 -10.617744825572636 
-20.518590003374005 68.18909362132447 -59.900210985921824 61.041151733200046 17.522500431469012 79.86669933169469 -94.42623547965431 -18.623553832523157 1.8436472584206034 -9.321968100579785 
-20.295220091659548 65.70786642144462 -61.92315795818477 62.101283922995364 16.30210452442956 80.43767017886869 -94.93648755311776 -19.870581074933273 1.45376875491613 -10.04038743721125 
-19.244342489933306 67.92978140348535 -60.70293572866563 63.97001557126414 17.658301181550417 80.69533742124366 -94.37362155058061 -17.775063364468846 -0.411202668699406 -7.858741741809995 
-21.103488400081226 66.79080306748159 -61.74683098951026 62.88478436639911 16.201777431174502 79.55708791609965 -96.48537614423476 -17.715839593258448 2.11640150840219 -9.496293796485412 
-20.789059325797304 66.9216315252805 -60.026432723142854 61.888863169643294 15.624079429652907 79.39329622451262 -95.93372495842455 -18.2106466980868 0.33788535947256043 -9.676240397976901 
-20.604982478121887 67.42527752986771 -58.75830084388143 61.478340678579286 16.53282192968373 81.88455963292748 -94.22862074387848 -19.340918587301864 0.257906977228923 -8.072554263566712 
-19.64119369915685 67.71806208567 -60.82933843141279 64.14078052808966 17.00777523657165 83.68761415955413 -94.5918320236276 -20.759757805164856 -1.4988028754632101 -10.275492362658849 
-21.162248601781638 67.47374573709777 -61.53065877475136 62.40365409786148 15.992712301141948 81.46926826956195 -93.29672858666711 -18.360593120814617 1.7109743249751357 -7.792103179665884 
-19.60386418892659 67.77570889716728 -62.343007610208744 63.091100051118616 18.52896301371362 81.65920029211661 -93.64994165377388 -17.364550970556355 -1.680452924736536 -6.641857691236318 
-20.652308663950535 66.51711027886212 -60.35223605970226 61.58721295187139 15.895374601422212 80.79146259766455 -94.30517698433252 -17.132698415066358 0.6519020517336112 -8.50629794541319 
-19.258220997040933 67.22477383261415 -61.24476205026131 60.1926609744941 16.34771617527264 80.14553541968802 -94.82512881448386 -16.477297140180212 -1.4243439812024232 -9.75913181526661 
-19.380927056481507 66.7870183415674 -62.428172526143676 63.92823659377261 17.31311969965611 80.12069436347164 -95.45775790228589 -17.193868073026145 1.020221769095656 -7.020933850671097 
-19.981773527725842 65.32615915610906 -59.74803935627999 60.0596202754713 16.21407386746746 78.61946874792685 -94.77928596313214 -19.421257013331587 0.7062836926493378 -10.572890096976458 
-19.483430615089024 66.55126059320578 -60.59165103992998 63.330850774790825 15.445241968397129 80.57348816915392 -94.24997216633345 -17.358941544018048 -0.33328806881948136 -9.224356937093807 
-18.541922973850763 67.99576040530899 -61.9299969249049 61.73574895795937 17.78561735033192 80.0217240343998 -94.72750755578049 -17.174309774945527 -0.5863482594646039 -9.828861848661838 
-19.1360341156432 66.64942108147552 -62.741287388844576 62.97457617331448 17.08118921449446 79.21357078660515 -95.2533217631029 -18.95512509171939 0.4391590536540719 -8.49043923140334 
-18.024743820174436 68.0080503896782 -61.70909407266962 60.72962802069089 15.423399334521573 80.37081393741302 -93.99983644188103 -16.847048562752253 -0.1255774836748047 -9.712223440898544 
-20.997761733004747 65.65442800417797 -60.75203947367033 62.6495183948022 16.08298223913805 80.45536260322827 -94.8607644921208 -17.27174112025804 -0.7993016244794497 -8.230131107552767 
-20.399321028785817 66.16539755142274 -62.179956629716735 63.15810149047597 18.446642181808073 80.10872530891528 -94.97357653852369 -18.114712437303133 -0.3493628654919799 -9.728535449854173 
- - - - - - - - - - 
