-5.804926082867824 -5.151052396563322
-6.87253115596496 -3.237039821411474
-6.199892019804078 -4.726755329228988
-5.2033579696229175 -4.232992377032089
-5.0325181169996425 -4.441079512092337
-5.049842342242489 -5.727592294663972
-6.88396705264757 -4.429035212781892
-5.858940594232753 -3.6501890720600243
-7.050888568623869 -4.607762926220305
-5.890677369969795 -4.834428888121585
-7.146378396663344 -7.693298615467469
-6.2139445030464815 -4.612030829395587
-7.519451383503524 -4.100480526391848
-5.254248721255333 -4.859120480999327
-5.930955796372084 -4.217754313500348
-6.424667586274179 -4.793282960029873
-6.152572265570999 -5.214716253051156
-6.868875389914387 -4.9430326450033295
-4.532365279922318 -6.420862557493193
-5.134221481259559 -3.6190469991009797
-5.572935696042022 -5.049089713501124
-5.910707270885081 -3.7975374192453297
-5.728691350101869 -6.001389836474772
-5.3928908702142 -3.714855031769842
-4.457432113601118 -3.714445855930881
-6.631137349723143 -5.251180182635056
-5.655847447526402 -2.410044126545425
-5.804161292901646 -6.356425821993489
-6.267670269446846 -5.704590366455875
-5.107644621763988 -4.111751356533431
-6.965442170196411 -5.079505348848178
-6.252508666482174 -4.071637541457021
-5.127267447015303 -4.269338491036439
-6.889248217488858 -4.620658831070019
-6.036109283066327 -4.07793954068592
-4.854213193415177 -4.679419863393188
-5.712712884301027 -5.522731963559169
-5.1733654743025 -4.628563012191417
-6.537147476101512 -5.623862799911268
-5.7979120267108675 -4.7823375271455975
-5.4705512949295745 -5.650179011645323
-5.358311250030549 -2.518562032664971
-5.45939398684159 -4.90684802998602
-5.988940855768368 -5.26728598971439
-6.496323780137124 -4.6707329217284625
-4.891995691065435 -6.087765637735708
-6.915803211055404 -3.807552264228474
-7.535635487511165 -6.633290107708712
-5.323986374621412 -5.098477074759922
-5.374856958648284 -4.292392911085664
-6.2427953609040765 -5.718424852179231
-6.137467218124063 -5.256942570952696
-4.710292736306016 -3.862061300001412
-5.252673827225831 -6.112243339455699
-6.0176725818680135 -3.7104750588784503
-6.877433692668508 -2.723580705631094
-8.07073558124427 -5.594110395542687
-6.312543727039304 -3.8956742540487137
-6.42358345465803 -1.8087262907571788
-4.757785810625102 -4.664849272640759
-7.411795285749408 -4.1055211895243335
-6.027929137400632 -4.5870782880091765
-5.777942420996938 -2.0553123710754955
-6.0788004750807145 -5.104180828805625
-6.943130367944548 -4.38261164250332
-5.872472674795001 -4.769465421007516
-5.958695757808216 -2.8543460028290024
-5.833876512815911 -4.604257991910826
-6.431843222447488 -4.500559952339009
-5.308102480891477 -4.561462433810814
-6.266841223758102 -3.7844305797104747
-5.671367894448632 -4.91325668094374
-5.99705247239576 -4.037736327555629
-5.06351168191461 -4.721739969004711
-6.838156191879759 -5.600806325470678
-5.005797226916074 -3.1585266273327104
-5.306417805568423 -3.1859488787935017
-6.417400734396791 -4.451361019191148
-7.514890836297323 -5.2614825542338695
-7.008360578146075 -4.324375732466887
-6.874617411268276 -2.593944346805369
-5.176233830602565 -5.675877457526445
-8.541604220198492 -6.021375707744157
-5.563021164928441 -6.471421802089999
-6.862534566640761 -2.9759044714618246
-6.688313382506618 -2.8384867196546812
-7.664442965354664 -6.269100210399332
-6.621603277478172 -2.7924467124560586
-6.2927258379076 -5.09847136553873
-6.728695311778137 -5.24502168275655
-6.592245533316797 -4.808473023953883
-6.2353077694629 -4.085600144383073
-6.1251965696004085 -4.772286609368097
-5.317740289678006 -4.512980956995861
-5.619879288935222 -3.3846036436042652
-6.84174473710476 -3.697504661848371
-7.121896655303103 -3.0669238162498997
-4.957989168977889 -4.77087999420273
-4.775198518057042 -4.496539752818874
-6.395083220936148 -5.252714249105987
-5.139002929760958 -4.596899343705833
-5.041850498765964 -6.073369850912664
-6.1201743275858185 -6.053489245122126
-8.360505242744566 -1.9541917573817127
-5.7230064676673225 -3.438432204921593
-7.9487125840034265 -3.2528391599339055
-6.810241377391466 -4.36971949787698
-7.464834729951618 -5.189578842454571
-5.414545953859184 -3.8417234088051764
-6.928170235511778 -4.046851770458335
-6.684040275460584 -4.520238655656326
-7.51181244579592 -6.681087115879761
-5.3425415340822795 -4.510961693445341
-6.26548623340917 -3.27532586284154
-6.662406111273736 -6.221137705936364
-7.633099007799904 -4.221640130067439
-5.57122113694789 -3.114008806301163
-5.0558238739256804 -3.344801595995107
-4.458227326158131 -4.202352199597119
-7.790693449666045 -4.3730107284012
-6.661372630522489 -3.5928781568331365
-5.211895924915547 -4.858453179305079
-7.995941843287929 -2.9025013355381333
-7.905510340136735 -5.177288073550146
-5.932369401964847 -4.166113428687294
-5.5191171181698016 -5.039196580749859
-6.114319245366183 -5.257432473772153
-4.756851696775167 -5.047948512865301
-6.716346768628117 -5.075420337890608
-6.055179885344892 -3.9620318143297597
-6.688134190902837 -5.657447439139152
-6.579526198519917 -3.72302335310441
-6.802211317972751 -3.917924318768872
-6.524206746027955 -4.557992972151747
-7.120574786401338 -4.444407407473531
-5.581680224853198 -5.462547654486642
-7.021644183416965 -4.827871180173508
-4.181974714506408 -5.088172842494458
-5.0044766674400245 -4.10914160679223
-5.698676583846158 -4.110671711571644
-8.223756281068425 -3.5156487082004
-6.036454648940092 -4.531882559862085
-4.967840717213159 -3.6185199358456397
-5.625630753795048 -5.27965164014935
-6.13545741917272 -5.272568440024191
-5.868544419076053 -4.76685325432003
-8.187562884123349 -4.879277706868894
-7.9758564098601585 -2.8476783390245624
-8.080407609580616 -5.589806948663042
-5.023059840584073 -4.50142404577832
-4.989323994015812 -2.745112065252318
-8.652472921659406 -5.219275013710752
-5.433281589130943 -2.4218255972359315
-6.614617557055162 -5.268257646798804
-5.100110479562827 -3.1454778064012934
-6.553901281266951 -3.1495103268927043
-6.816619361803699 -3.5853263013947014
-7.699818074320476 -5.845986254764901
-7.398448203635347 -3.9972068445836277
-9.029094059456437 -3.678798556457849
-5.5329544764951635 -5.5656236954222225
-5.015189969505542 -3.11565879711414
-7.129846807169484 -5.838060237491108
-6.869580001057389 -5.113359532276796
-6.100652153138533 -4.83326213210301
-6.234732897433143 -2.538676835120284
-5.098268610091114 -3.7701807478018536
-4.941278570688178 -3.839522792458835
-6.441809037861336 -3.68025095531008
-6.141037490456297 -4.411281385605307
-5.746491111812846 -6.090037529625579
-4.926869145227558 -4.2379365272375455
-5.96401371158853 -4.431019330517462
-6.966972168821605 -5.824210662576826
-6.320073438350661 -3.686863725026256
-5.638280298088083 -5.088988744166122
-4.907484465715539 -4.719564965616207
-4.5392085962859845 -2.9837992646849463
-4.639326712985267 -5.248444884535731
-6.539255734871234 -5.289558726500761
-5.9012634051855235 -4.306491772287173
-7.046087445903669 -5.022782618778078
-6.893389428478518 -5.087164554181792
-5.263004975646923 -4.729512192176729
-8.867443975173217 -5.213642599437337
-5.791305225272799 -5.375064449322798
-6.2870298307264685 -5.8679338088687105
-5.949266186262495 -5.249093250513837
-6.848181683287479 -5.48666761554841
-7.154459778373198 -5.060442990597607
-6.270721567915441 -4.6231835369284955
-4.311225100829845 -3.9906627605486427
-5.971984808533479 -3.7943641453587915
-5.1312764608729555 -4.712410195550878
-5.672136345436158 -4.89252722019584
-5.930679902151403 -5.187782701262649
-9.2329740944399 -3.5660635605196
-5.525905284185199 -4.183410611650503
-6.55606009359172 -4.856955134089155
-5.971089315223925 -3.185547445377428
